0	1.3223333928107874e-6
1	4.380229363685733e-6
2	1.0743958816587648e-5
3	5.082718978616464e-5
4	2.3934234409875253e-4
5	8.391031835754953e-4
6	2.2449088718074638e-3
7	4.812301799786658e-3
8	8.794756749747496e-3
9	1.4354672791494553e-2
10	2.1399569233368124e-2
11	2.97324183998394e-2
12	3.904933154807306e-2
13	4.9122702042831534e-2
14	5.980244504403081e-2
15	7.080930026827666e-2
16	8.22040124058013e-2
17	9.401079668686063e-2
18	0.1064248625785683
19	0.1196456344857276
20	0.13353740794390132
21	0.14818836606122254
22	0.16327709917740119
23	0.17893253479823631
24	0.19506029137781603
25	0.21151755690971677
26	0.22832383581148252
27	0.2452839186159996
28	0.26227515890108477
29	0.27930201954193873
30	0.29615408423743056
31	0.3129560655556697
32	0.3295518455104674
33	0.3458852249326292
34	0.36204066786762085
35	0.3777982537430506
36	0.3933098029615805
37	0.40856250541846767
38	0.42363115559624304
39	0.4385074062653644
40	0.45319712528026235
41	0.46768923809877216
42	0.48196614115760206
43	0.4961671753380194
44	0.5103455645590849
45	0.524322959104443
46	0.5381262188711355
47	0.5517022025859386
48	0.5649906614336424
49	0.5780041575814787
50	0.5906157470237374
51	0.6028774139919237
52	0.6147518852135275
53	0.6263052773581894
54	0.6374384154214487
55	0.6482455156575431
56	0.6586683953971889
57	0.6687886260815551
58	0.6785752155217477
59	0.6880956853666372
60	0.6973046630516827
61	0.7062387606826976
62	0.714927234885998
63	0.7234037225172633
64	0.7316277271163388
65	0.7396270176844736
66	0.7474040735967791
67	0.7549586469157441
68	0.7622859441828199
69	0.769357783167572
70	0.7762560658945177
71	0.7829705442798626
72	0.7894041094650723
73	0.7957437063335555
74	0.8018560271501493
75	0.8077388404772533
76	0.8134330560042077
77	0.8189474341897398
78	0.824251478719978
79	0.8294169261814821
80	0.8343479900491106
81	0.8391563248487188
82	0.8437442432009129
83	0.8482095151309238
84	0.8524909000734969
85	0.8566209604884303
86	0.860593415292108
87	0.8644306615063708
88	0.8681336082354263
89	0.8717242392719299
90	0.8751425537381827
91	0.8784743380130436
92	0.8816676078650076
93	0.8847755872131353
94	0.8877669532851844
95	0.8906345985391687
96	0.8934424908529653
97	0.8961646794337405
98	0.8987901723851663
99	0.9010644205291267
100	0.9032456094605681
101	0.905416054433193
102	0.9075368292577503
103	0.9096674389369167
104	0.9117674696563743
105	0.9138717979593586
106	0.9159314148644985
107	0.9179297912043838
108	0.9199048614182207
109	0.9218286085672492
110	0.9237111980894266
111	0.9255395719424987
112	0.9273121598555615
113	0.9290463174543958
114	0.9307354330720375
115	0.9323710768331074
116	0.933936141049336
117	0.9354608740970839
118	0.936930482371519
119	0.938369015811223
120	0.9397377135186192
121	0.9410745925787509
122	0.9423560989280587
123	0.9436166132347555
124	0.9448222507056508
125	0.9459637550069947
126	0.9470867466408392
127	0.9481897379821176
128	0.9492436376961878
129	0.9502780329927141
130	0.9512578820367869
131	0.9522248383302797
132	0.9531649347267311
133	0.9540851961222904
134	0.9549413243482984
135	0.9557963781784246
136	0.9566028362563651
137	0.9573923519377102
138	0.9581364950545145
139	0.9588673321915535
140	0.9595761028901001
141	0.9602609889417391
142	0.9609037256164822
143	0.9615310075196968
144	0.9621500248392063
145	0.9627466451368751
146	0.9633127691206722
147	0.9638842650838777
148	0.9644365872128873
149	0.9649584956738624
150	0.9654705692802283
151	0.9659678492817623
152	0.9664453769282411
153	0.9669043092613834
154	0.9673573737400952
155	0.967789280884522
156	0.9682054853199092
157	0.9686187971509996
158	0.9690209517940882
159	0.9694207097079023
160	0.9698043516834916
161	0.9701841093047394
162	0.9705408913832871
163	0.9709037066079397
164	0.9712528026236417
165	0.9715956175557279
166	0.9719208289245223
167	0.9722350483969889
168	0.9725445570567437
169	0.9728585285916992
170	0.9731537395216442
171	0.973445148743085
172	0.9737381282354296
173	0.9740152397270605
174	0.9742797890514597
175	0.9745391316881247
176	0.9748045074708944
177	0.9750542631904615
178	0.9753027792224729
179	0.9755406339415048
180	0.9757777448480032
181	0.9760071696916558
182	0.9762476690774733
183	0.9764742839626662
184	0.9766962706809843
185	0.9769166044825615
186	0.9771271860753665
187	0.9773365279806159
188	0.9775500848235549
189	0.9777641375415161
190	0.9779676115923349
191	0.9781674492263234
192	0.9783610884225331
193	0.978556463181321
194	0.9787428295438702
195	0.9789296917814417
196	0.9791087026644936
197	0.9792861432766413
198	0.9794613524511887
199	0.9796044123951234
200	0.9797444144430874
201	0.9798856561786069
202	0.9800316087268384
203	0.9801807844627148
204	0.9803335139695846
205	0.9804811194345571
206	0.9806242620243288
207	0.980769801343375
208	0.9809169935791623
209	0.9810583179605189
210	0.981206832529699
211	0.9813455948901071
212	0.9814874151464861
213	0.9816249378193384
214	0.9817575843878047
215	0.9818915532896638
216	0.9820227122330633
217	0.9821570117182706
218	0.9822923029535225
219	0.9824182552091878
220	0.9825481744650314
221	0.9826702423663553
222	0.9827932193718867
223	0.9829231386277303
224	0.9830443800706837
225	0.9831699190971637
226	0.9832903340817465
227	0.9834107490663293
228	0.9835251309048074
229	0.9836362895556406
230	0.9837545557484602
231	0.9838693508161235
232	0.9839790218418898
233	0.984087039950915
234	0.9841953059974514
235	0.9842996050438093
236	0.9844101851737831
237	0.9845153933243487
238	0.9846215105791217
239	0.9847282063547541
240	0.984833910380342
241	0.9849364738641219
242	0.9850458143065398
243	0.9851482951444827
244	0.9852492057115215
245	0.9853508600910938
246	0.9854525144706662
247	0.9855530944543569
248	0.9856539223755587
249	0.9857462377755443
250	0.9858412804881526
251	0.9859363232007609
252	0.9860321923717397
253	0.9861229375008213
254	0.9862135999840659
255	0.9863011219255026
256	0.9863858339084794
257	0.9864723640998715
258	0.9865528611451589
259	0.9866356722738837
260	0.9867169131317045
261	0.9868005507187998
262	0.9868811304099242
263	0.9869619580385597
264	0.9870429509588694
265	0.9871217124415786
266	0.9871981598408506
267	0.9872800618653678
268	0.9873585754105659
269	0.9874398989142238
270	0.9875160983759845
271	0.987583702670692
272	0.987658662444897
273	0.9877296552189234
274	0.9878042017639431
275	0.9878693266835391
276	0.987942550895166
277	0.988016023044304
278	0.988084536443219
279	0.9881590829882387
280	0.9882290840122206
281	0.9883011511821289
282	0.9883766068313561
283	0.9884484260637532
284	0.9885190882544315
285	0.9885898330909468
286	0.9886590903023953
287	0.988725454909547
288	0.9887885963290537
289	0.9888522336235828
290	0.9889217387725424
291	0.9889861198796048
292	0.9890464513406518
293	0.9891096754059956
294	0.9891712465545983
295	0.9892295945155561
296	0.9892923227058776
297	0.9893523235835764
298	0.9894118285862529
299	0.9894660442553581
300	0.9895150532367292
301	0.9895642275097744
302	0.9896167076163015
303	0.989668113326947
304	0.9897212546001706
305	0.9897759661442982
306	0.9898317520843074
307	0.989886628920109
308	0.9899411751725624
309	0.989995804070853
310	0.9900503503233063
311	0.9901001857630479
312	0.9901530790987604
313	0.9902057244969616
314	0.9902577087284665
315	0.9903115938142235
316	0.9903672144625587
317	0.9904161407980927
318	0.9904667200503677
319	0.9905201092611025
320	0.9905702752841922
321	0.9906207718906301
322	0.9906740784555278
323	0.990726475916218
324	0.9907783775018858
325	0.9908268906082345
326	0.9908817674440361
327	0.9909368095715119
328	0.990987554115461
329	0.9910388771802695
330	0.9910880514533147
331	0.9911345810595742
332	0.9911845817909898
333	0.9912302849388789
334	0.9912787980452276
335	0.9913294599433397
336	0.9913785515705478
337	0.9914253291143185
338	0.991471858720578
339	0.9915189668476969
340	0.9915652485164452
341	0.9916120260602159
342	0.991662605312491
343	0.9917050852727349
344	0.9917538463165949
345	0.9917995494644839
346	0.9918455005498841
347	0.9918916169269584
348	0.991935088637247
349	0.9919764942016094
350	0.9920172385992754
351	0.9920578177052672
352	0.9921005456030224
353	0.992138893271414
354	0.9921788938565465
355	0.9922164150665675
356	0.9922545974432849
357	0.9922948459659285
358	0.9923340200926906
359	0.992373938031986
360	0.9924098063252661
361	0.9924479887019835
362	0.992486336370375
363	0.9925249319762777
364	0.9925643540405509
365	0.9926003049796679
366	0.9926374129605037
367	0.9926752647538728
368	0.99271625708905
369	0.9927512162781225
370	0.9927846051962909
371	0.9928215478854525
372	0.99285973026217
373	0.9928949373887536
374	0.9929296486403149
375	0.9929639466626908
376	0.9930003934768302
377	0.9930353526659026
378	0.9930698159799528
379	0.9931027090230989
380	0.9931370070454749
381	0.9931756852972147
382	0.9932108924237982
383	0.993246347487893
384	0.9932832075312176
385	0.9933155220535044
386	0.9933485803883247
387	0.9933861842441828
388	0.99342073020407
389	0.9934529620805197
390	0.9934880865612662
391	0.9935195746251826
392	0.9935548643976032
393	0.993587096274053
394	0.9936200719630361
395	0.9936521385478119
396	0.9936843704242616
397	0.9937128832380441
398	0.9937435448435898
399	0.9937704047406313
400	0.9937981737418804
401	0.9938260253889665
402	0.9938539596818896
403	0.9938825551415091
404	0.9939109026636175
405	0.9939390022482147
406	0.9939669365411379
407	0.9939958625841055
408	0.9940239621687028
409	0.9940517311699518
410	0.9940801613378972
411	0.9941077650474722
412	0.9941339637778173
413	0.9941618980707404
414	0.9941926423221232
415	0.9942208245525576
416	0.9942488414913176
417	0.9942783460551448
418	0.9943046274313269
419	0.994334214640991
420	0.994363471267307
421	0.9943909096852078
422	0.9944180175197604
423	0.9944452080001501
424	0.9944716546680064
425	0.9945012418776704
426	0.9945294241081047
427	0.994555953421798
428	0.9945824000896542
429	0.9946071938407695
430	0.9946318223002105
431	0.9946567813429998
432	0.9946807486357445
433	0.9947048812201633
434	0.9947286005753968
435	0.9947528984514897
436	0.9947818244944575
437	0.9948078579331284
438	0.9948338087259624
439	0.9948588504145887
440	0.9948840573948892
441	0.9949076114584486
442	0.9949326531470749
443	0.9949590998149311
444	0.9949819927117942
445	0.995004555025309
446	0.9950277785055203
447	0.9950508366940575
448	0.9950740601742687
449	0.9950955480919018
450	0.9951155483844681
451	0.9951367883645901
452	0.9951585242197345
453	0.9951778633456043
454	0.9952008388883044
455	0.9952243929518638
456	0.9952449717652895
457	0.9952679473079895
458	0.9952886914130893
459	0.9953103446223965
460	0.9953343119151412
461	0.9953578659787007
462	0.9953781968546151
463	0.9953990236055519
464	0.9954186106689329
465	0.9954398506490549
466	0.9954587765457396
467	0.9954777024424242
468	0.9954971242141311
469	0.9955167112775121
470	0.9955371247992636
471	0.9955563812792964
472	0.9955756377593292
473	0.995594894239362
474	0.9956137374902095
475	0.995632415449383
476	0.9956510934085565
477	0.995669854013567
478	0.9956851434934213
479	0.995702499119202
480	0.9957222514742571
481	0.9957389459333413
482	0.9957572106633296
483	0.9957746489349473
484	0.9957939880608171
485	0.995810269290716
486	0.9958285340207043
487	0.9958452284797885
488	0.99586060060548
489	0.9958761380228455
490	0.995896551544597
491	0.9959132460036813
492	0.9959319239628547
493	0.9959530812971397
494	0.9959706848604314
495	0.9959876272570268
496	0.9960063052162003
497	0.9960247352378626
498	0.9960429999678507
499	0.9960572976976605
500	0.9960718433649814
501	0.9960849014072355
502	0.9961000255954158
503	0.9961142406793885
504	0.996129778096754
505	0.9961439931807267
506	0.996160770285648
507	0.996177216807221
508	0.9961903574953122
509	0.9962050684543071
510	0.996219531475791
511	0.9962332506847414
512	0.9962458954978102
513	0.9962596973525977
514	0.996273416561548
515	0.9962867225413132
516	0.9963013508544711
517	0.9963166403343255
518	0.9963318471683429
519	0.9963458143148044
520	0.9963612690863329
521	0.9963734180243794
522	0.9963879636917002
523	0.996403914338251
524	0.9964208567348465
525	0.9964365594438861
526	0.9964533365488074
527	0.9964677995702912
528	0.996482179945938
529	0.99649837853
530	0.9965123456764615
531	0.9965264781145972
532	0.99654069319857
533	0.9965546603450315
534	0.9965692060123524
535	0.99658160288791
536	0.9965957353260457
537	0.9966111074517371
538	0.9966251572440357
539	0.9966397029113566
540	0.9966530088911218
541	0.9966673892667686
542	0.9966790423297928
543	0.9966935053512767
544	0.9967094559978275
545	0.9967246628318447
546	0.9967419358117883
547	0.996757638520828
548	0.9967745809174233
549	0.9967886307097219
550	0.9968056557521544
551	0.9968226807945868
552	0.9968371438160707
553	0.9968535076918067
554	0.9968691277550094
555	0.996889789214272
556	0.9969071448400526
557	0.9969244178199962
558	0.9969416907999398
559	0.9969582199673499
560	0.9969759061764788
561	0.996992600635563
562	0.9970087992196249
563	0.9970235928244571
564	0.9970387170126372
565	0.9970525188674247
566	0.9970678083472791
567	0.9970836763479929
568	0.9970981393694768
569	0.9971125197451235
570	0.9971274786416298
571	0.9971407019755578
572	0.9971529335594413
573	0.9971656610183471
574	0.9971788843522752
575	0.9971929341445739
576	0.9972057442493167
577	0.9972193808124301
578	0.9972334306047287
579	0.997245414251101
580	0.9972574805433104
581	0.9972678939187788
582	0.9972808693151958
583	0.9972919438573605
584	0.9973042580870811
585	0.997317068191824
586	0.9973304568174262
587	0.9973433495680061
588	0.9973559117352377
589	0.9973704574025587
590	0.9973831848614645
591	0.997396986716252
592	0.9974100447585059
593	0.9974228548632488
594	0.9974356649679916
595	0.9974478965518752
596	0.99745897109404
597	0.9974731035321757
598	0.9974853351160592
599	0.9974940955747865
600	0.9975025254501657
601	0.9975129388256341
602	0.9975223604510578
603	0.9975343440974301
604	0.9975451707020838
605	0.9975545096816706
606	0.9975659148071836
607	0.9975770719951854
608	0.9975874027248167
609	0.9975967417044035
610	0.9976076509548941
611	0.9976169072886438
612	0.9976257503932082
613	0.9976357505394914
614	0.9976460812691227
615	0.9976552549570353
616	0.9976642633532739
617	0.9976736023328606
618	0.9976833545416326
619	0.9976926935212193
620	0.9977012886882726
621	0.9977109582512075
622	0.9977221980850464
623	0.9977317023563071
624	0.9977416198567532
625	0.9977517852947105
626	0.9977627771910382
627	0.9977720335247879
628	0.9977817857335599
629	0.9977907114839614
630	0.997798232255133
631	0.9978063315471639
632	0.9978158358184248
633	0.9978245962771521
634	0.9978328608608572
635	0.9978419519029328
636	0.9978512082366825
637	0.9978593901745505
638	0.9978678200499297
639	0.9978751755294272
640	0.9978823657172505
641	0.9978924485093708
642	0.9979021180723057
643	0.997912283510263
644	0.9979219530731979
645	0.9979315399902957
646	0.9979415401365789
647	0.9979512096995138
648	0.9979625321791897
649	0.9979750117005843
650	0.9979867474094456
651	0.997997243430751
652	0.9980079047437306
653	0.9980176569525026
654	0.9980289794321785
655	0.99803790518258
656	0.9980490623705818
657	0.9980604674960948
658	0.9980712114549114
659	0.998082038059565
660	0.9980923687891964
661	0.998103278039687
662	0.9981143525818518
663	0.9981251791865055
664	0.9981363363745073
665	0.9981476588541832
666	0.9981575763546293
667	0.9981693947093275
668	0.9981802213139812
669	0.9981902214602644
670	0.9982019571691255
671	0.9982108002736899
672	0.998220635128299
673	0.9982284864828188
674	0.9982397263166577
675	0.9982498091087779
676	0.9982575778174606
677	0.9982659250470027
678	0.9982742722765449
679	0.9982823715685758
680	0.9982903055689327
681	0.9982980742776155
682	0.9983050165279277
683	0.9983123720074253
684	0.9983193142577375
685	0.9983255953413533
686	0.9983335293417102
687	0.998341298050393
688	0.998349562634098
689	0.998357744571966
690	0.9983660918015081
691	0.9983759266561172
692	0.9983841912398222
693	0.9983916293651568
694	0.998400059240536
695	0.9984071667825224
696	0.9984146049078569
697	0.9984221256790285
698	0.9984286547001555
699	0.9984333655128674
700	0.9984379110339052
701	0.9984417953882466
702	0.9984471673676549
703	0.9984512170136703
704	0.9984583245556568
705	0.9984645229934356
706	0.9984720437646072
707	0.9984779116190378
708	0.9984831183067719
709	0.9984910523071288
710	0.9984970854532335
711	0.998504523578568
712	0.9985103914329987
713	0.9985167551624515
714	0.998524110641949
715	0.998528904100498
716	0.9985350198924398
717	0.9985403918718481
718	0.9985451853303969
719	0.9985493176222495
720	0.9985546069558208
721	0.9985617144978071
722	0.9985678302897488
723	0.9985741113733647
724	0.9985801445194694
725	0.9985874999989669
726	0.9985948554784644
727	0.9986031200621696
728	0.9986113846458746
729	0.9986207236254613
730	0.9986274179382624
731	0.9986334510843671
732	0.998641385084724
733	0.9986493190850808
734	0.9986553522311855
735	0.9986615506689643
736	0.9986681623359284
737	0.9986737822528479
738	0.9986797327531155
739	0.9986865097117537
740	0.9986928734412065
741	0.9986998983373558
742	0.9987065100043199
743	0.9987137001921433
744	0.9987191548173886
745	0.9987251879634933
746	0.9987308905262499
747	0.9987380807140732
748	0.9987456841310819
749	0.9987537007772759
750	0.9987623785901661
751	0.9987689902571302
752	0.9987761804449536
753	0.9987838665077994
754	0.9987925443206896
755	0.9988003956752095
756	0.9988087429047516
757	0.9988186604051976
758	0.998827338218088
759	0.99883709042686
760	0.9988443632605204
761	0.9988527104900625
762	0.99886006596956
763	0.9988691570116356
764	0.9988789918662446
765	0.9988874217416238
766	0.9988957689711659
767	0.9989027112214782
768	0.9989098187634645
769	0.9989167610137768
770	0.9989242817849484
771	0.9989304802227272
772	0.9989379183480618
773	0.9989456870567446
774	0.9989521334320345
775	0.9989608112449249
776	0.9989683320160965
777	0.998977423058172
778	0.9989848611835066
779	0.9989935389963969
780	0.9990008944758944
781	0.9990095722887847
782	0.999018084810001
783	0.9990249444144761
784	0.9990325478314848
785	0.9990403991860046
786	0.9990489117072209
787	0.9990568457075777
788	0.9990636226662158
789	0.9990713087290616
790	0.9990792427294184
791	0.9990868461464271
792	0.999093127230043
793	0.9990994083136588
794	0.9991052761680894
795	0.9991121357725646
796	0.9991201524187585
797	0.9991264335023744
798	0.9991327972318272
799	0.999137342752865
800	0.9991416403363917
801	0.9991470123157999
802	0.9991511446076525
803	0.9991542025036234
804	0.9991574256912684
805	0.9991618059206321
806	0.999166682025018
807	0.9991718887127522
808	0.9991761036504418
809	0.9991806491714796
810	0.9991856905675397
811	0.9991912278386221
812	0.9991955254221487
813	0.999200897401557
814	0.9992061867351283
815	0.9992109801936773
816	0.9992161042355744
817	0.9992208150482862
818	0.9992256911526722
819	0.9992299060903618
820	0.9992338730905402
821	0.999238418611578
822	0.9992424682575936
823	0.9992464352577719
824	0.9992502369662762
825	0.9992542866122918
826	0.999258005674959
827	0.9992623032584856
828	0.9992681711129163
829	0.9992734604464876
830	0.9992786671342218
831	0.9992831300094225
832	0.9992888325721789
833	0.9992922210514981
834	0.9992953615933059
835	0.9993004856352031
836	0.9993046179270556
837	0.9993080064063747
838	0.999311725469042
839	0.9993155271775463
840	0.9993186677193543
841	0.9993228826570438
842	0.9993266843655482
843	0.999329659615682
844	0.9993335439700234
845	0.9993380068452241
846	0.9993419738454026
847	0.9993466020122773
848	0.9993502384291076
849	0.9993544533667972
850	0.9993583377211386
851	0.999363792346384
852	0.9993685858049328
853	0.999373627200993
854	0.9993799082846088
855	0.9993847843889948
856	0.9993909001809366
857	0.9993969333270413
858	0.9994025532439607
859	0.9994069334733243
860	0.9994123880985697
861	0.9994187518280226
862	0.9994236279324086
863	0.9994289999118169
864	0.9994342892453881
865	0.9994401570998187
866	0.9994461076000863
867	0.9994522233920281
868	0.9994566862672288
869	0.9994613144341037
870	0.9994669343510232
871	0.999471727809572
872	0.9994774303723286
873	0.9994816453100182
874	0.9994866040602413
875	0.9994913975187901
876	0.9994959430398279
877	0.9995000753316805
878	0.9995059431861111
879	0.9995093316654301
880	0.9995134639572827
881	0.9995192491658762
882	0.9995236293952399
883	0.9995273484579071
884	0.9995317286872709
885	0.9995365221458198
886	0.9995424726460874
887	0.9995484231463552
888	0.9995538777716004
889	0.9995590018134975
890	0.99956453908458
891	0.9995699937098254
892	0.9995752830433966
893	0.999580737668642
894	0.9995865228772355
895	0.9995910683982733
896	0.9995947048151035
897	0.9995998288570006
898	0.9996045396697125
899	0.9996079281490317
900	0.9996109033991655
901	0.9996133001284399
902	0.9996165233160849
903	0.9996191679828705
904	0.9996233829205601
905	0.9996262755248568
906	0.9996304904625465
907	0.9996341268793767
908	0.9996399947338073
909	0.9996442923173339
910	0.9996487551925346
911	0.9996533007135724
912	0.9996570197762397
913	0.9996612347139293
914	0.9996652017141077
915	0.9996687554851009
916	0.999672226610257
917	0.9996764415479467
918	0.9996811523606585
919	0.999685284652511
920	0.9996879293192966
921	0.9996925574861715
922	0.9996967724238611
923	0.9997001609031801
924	0.9997028882158028
925	0.9997060287576107
926	0.9997091692994187
927	0.9997133842371083
928	0.999716111549731
929	0.9997188388623536
930	0.9997223926333468
931	0.9997254505293176
932	0.9997295828211702
933	0.9997321448421188
934	0.9997352027380897
935	0.9997383432798975
936	0.9997428061550983
937	0.9997461946344174
938	0.9997495831137364
939	0.9997536327597519
940	0.9997572691765821
941	0.9997614014684347
942	0.9997647073019167
943	0.9997690875312805
944	0.99977330246897
945	0.999776525656615
946	0.9997797488442599
947	0.9997834679069272
948	0.9997867737404093
949	0.9997906580947507
950	0.9997940465740697
951	0.9997991706159669
952	0.9998033855536564
953	0.9998068566788125
954	0.9998117327831986
955	0.9998161130125622
956	0.9998208238252742
957	0.9998252867004749
958	0.9998299148673497
959	0.9998355347842691
960	0.9998407414720033
961	0.9998445431805076
962	0.9998494192848937
963	0.9998546259726279
964	0.9998605764728955
965	0.9998652046397704
966	0.9998707419108528
967	0.9998752874318906
968	0.9998788412028837
969	0.999882560265551
970	0.9998881801824704
971	0.9998919818909747
972	0.9998958662453161
973	0.9998999985371687
974	0.9999048746415546
975	0.9999085110583849
976	0.9999123954127263
977	0.9999159491837195
978	0.9999197508922238
979	0.9999241311215875
980	0.9999281807676029
981	0.9999323130594555
982	0.9999363627054709
983	0.9999409908723458
984	0.9999449578725242
985	0.9999503298519326
986	0.9999541315604369
987	0.9999587597273117
988	0.9999619002691197
989	0.9999661152068092
990	0.9999702474986617
991	0.999973883915492
992	0.9999777682698334
993	0.9999806608741302
994	0.9999847931659827
995	0.9999885122286499
996	0.9999919833538061
997	0.9999952891872881
998	0.9999980991457479
999	1.0
